"","week","age_group","num"
"1",0,"1",0
"2",0,"2",0
"3",0,"3",0
"4",0,"4",0
"5",0,"5",0
"6",0,"6",0
"7",0,"7",0
"8",0,"8",0
"9",0,"9",0
"10",0,"10",0
"11",0,"12",0
"12",0,"13",0
"13",0,"16",0
"14",0,"19",0
"15",0,"21",0
"16",0,"22",0
"17",0,"24",0
"18",0,"25",0
"19",0,"26",0
"20",0,"27",0
"21",0,"28",0
"22",0,"29",0
"23",0,"30",0
"24",0,"31",0
"25",0,"32",0
"26",0,"33",0
"27",0,"34",0
"28",0,"35",0
"29",0,"36",0
"30",0,"37",0
"31",0,"39",0
"32",0,"40",0
"33",0,"43",0
"34",0,"44",0
"35",0,"45",0
"36",0,"46",0
"37",0,"48",0
"38",0,"49",0
"39",0,"50",0
"40",0,"51",0
"41",0,"52",0
"42",0,"53",0
"43",0,"54",1
"44",0,"55",0
"45",0,"56",0
"46",0,"59",0
"47",0,"61",0
"48",0,"62",0
"49",0,"64",0
"50",0,"65",0
"51",0,"66",0
"52",0,"67",0
"53",0,"70",0
"54",0,"71",0
"55",0,"73",0
"56",0,"75",1
"57",0,"76",0
"58",0,"81",0
"59",0,"89",0
"60",0,"96",0
"61",1,"1",0
"62",1,"2",0
"63",1,"3",0
"64",1,"4",0
"65",1,"5",0
"66",1,"6",0
"67",1,"7",0
"68",1,"8",0
"69",1,"9",0
"70",1,"10",0
"71",1,"12",0
"72",1,"13",0
"73",1,"14",0
"74",1,"19",0
"75",1,"20",0
"76",1,"21",0
"77",1,"22",0
"78",1,"23",0
"79",1,"24",0
"80",1,"25",0
"81",1,"26",0
"82",1,"27",0
"83",1,"28",0
"84",1,"29",0
"85",1,"30",0
"86",1,"31",0
"87",1,"32",0
"88",1,"33",0
"89",1,"34",0
"90",1,"35",0
"91",1,"36",0
"92",1,"37",0
"93",1,"38",0
"94",1,"39",0
"95",1,"40",0
"96",1,"41",0
"97",1,"42",0
"98",1,"43",0
"99",1,"44",0
"100",1,"45",1
"101",1,"46",0
"102",1,"47",0
"103",1,"48",0
"104",1,"49",0
"105",1,"50",0
"106",1,"51",0
"107",1,"52",0
"108",1,"53",0
"109",1,"54",0
"110",1,"55",0
"111",1,"56",0
"112",1,"58",0
"113",1,"60",0
"114",1,"61",0
"115",1,"62",0
"116",1,"63",0
"117",1,"64",0
"118",1,"65",0
"119",1,"67",0
"120",1,"68",0
"121",1,"70",0
"122",1,"71",0
"123",1,"73",0
"124",1,"74",0
"125",1,"75",1
"126",1,"77",0
"127",1,"82",0
"128",1,"85",0
"129",1,"86",0
"130",2,"1",0
"131",2,"2",0
"132",2,"3",0
"133",2,"4",0
"134",2,"5",0
"135",2,"6",0
"136",2,"7",0
"137",2,"8",0
"138",2,"9",0
"139",2,"10",0
"140",2,"11",0
"141",2,"12",0
"142",2,"13",0
"143",2,"14",0
"144",2,"15",0
"145",2,"16",0
"146",2,"17",0
"147",2,"18",0
"148",2,"20",0
"149",2,"22",0
"150",2,"23",0
"151",2,"24",0
"152",2,"25",0
"153",2,"26",0
"154",2,"27",0
"155",2,"28",0
"156",2,"29",0
"157",2,"30",0
"158",2,"31",0
"159",2,"32",0
"160",2,"33",0
"161",2,"34",0
"162",2,"35",0
"163",2,"36",0
"164",2,"37",0
"165",2,"38",0
"166",2,"39",0
"167",2,"40",0
"168",2,"41",0
"169",2,"42",0
"170",2,"43",0
"171",2,"44",0
"172",2,"45",0
"173",2,"46",0
"174",2,"47",0
"175",2,"48",0
"176",2,"50",0
"177",2,"51",0
"178",2,"52",0
"179",2,"53",0
"180",2,"54",0
"181",2,"55",0
"182",2,"56",0
"183",2,"57",0
"184",2,"58",0
"185",2,"59",0
"186",2,"60",0
"187",2,"62",0
"188",2,"63",0
"189",2,"65",0
"190",2,"66",0
"191",2,"67",0
"192",2,"68",0
"193",2,"70",0
"194",2,"73",0
"195",2,"74",0
"196",2,"75",0
"197",2,"77",0
"198",2,"79",0
"199",2,"80",0
"200",2,"81",0
"201",2,"84",0
"202",2,"85",0
"203",2,"86",0
"204",2,"87",0
"205",2,"88",0
"206",2,"89",0
"207",2,"90",0
"208",2,"91",0
"209",2,"95",0
"210",3,"1",0
"211",3,"2",0
"212",3,"3",0
"213",3,"4",0
"214",3,"5",0
"215",3,"6",0
"216",3,"7",0
"217",3,"8",0
"218",3,"9",0
"219",3,"10",0
"220",3,"11",0
"221",3,"12",0
"222",3,"13",0
"223",3,"14",0
"224",3,"15",0
"225",3,"16",0
"226",3,"18",0
"227",3,"20",0
"228",3,"21",0
"229",3,"22",0
"230",3,"23",0
"231",3,"24",0
"232",3,"25",0
"233",3,"26",0
"234",3,"27",0
"235",3,"28",0
"236",3,"29",0
"237",3,"30",0
"238",3,"31",0
"239",3,"32",0
"240",3,"33",0
"241",3,"34",0
"242",3,"35",0
"243",3,"36",0
"244",3,"38",0
"245",3,"39",0
"246",3,"40",0
"247",3,"41",0
"248",3,"42",0
"249",3,"43",0
"250",3,"44",0
"251",3,"45",0
"252",3,"46",0
"253",3,"47",0
"254",3,"48",0
"255",3,"49",0
"256",3,"50",0
"257",3,"51",0
"258",3,"52",0
"259",3,"53",0
"260",3,"54",0
"261",3,"55",0
"262",3,"56",0
"263",3,"57",0
"264",3,"58",0
"265",3,"59",0
"266",3,"60",0
"267",3,"61",0
"268",3,"62",0
"269",3,"63",0
"270",3,"64",0
"271",3,"65",0
"272",3,"66",0
"273",3,"67",0
"274",3,"68",0
"275",3,"69",0
"276",3,"70",0
"277",3,"72",0
"278",3,"75",0
"279",3,"78",0
"280",3,"79",0
"281",3,"80",0
"282",3,"81",0
"283",3,"82",0
"284",3,"86",0
"285",3,"93",0
"286",4,"0",0
"287",4,"1",0
"288",4,"2",0
"289",4,"3",0
"290",4,"4",0
"291",4,"5",0
"292",4,"6",0
"293",4,"7",0
"294",4,"8",0
"295",4,"9",0
"296",4,"10",0
"297",4,"11",0
"298",4,"12",0
"299",4,"13",0
"300",4,"14",0
"301",4,"15",0
"302",4,"18",0
"303",4,"19",0
"304",4,"20",0
"305",4,"21",0
"306",4,"22",0
"307",4,"23",0
"308",4,"24",0
"309",4,"25",0
"310",4,"26",0
"311",4,"27",0
"312",4,"28",0
"313",4,"29",0
"314",4,"30",0
"315",4,"31",0
"316",4,"32",1
"317",4,"34",0
"318",4,"35",0
"319",4,"36",0
"320",4,"37",0
"321",4,"38",0
"322",4,"39",0
"323",4,"40",0
"324",4,"41",0
"325",4,"42",0
"326",4,"43",0
"327",4,"44",0
"328",4,"45",0
"329",4,"46",0
"330",4,"47",0
"331",4,"48",0
"332",4,"49",0
"333",4,"50",0
"334",4,"51",0
"335",4,"52",0
"336",4,"53",0
"337",4,"55",0
"338",4,"56",0
"339",4,"59",0
"340",4,"60",0
"341",4,"61",0
"342",4,"62",0
"343",4,"63",0
"344",4,"64",0
"345",4,"65",0
"346",4,"66",0
"347",4,"67",0
"348",4,"68",0
"349",4,"70",0
"350",4,"71",1
"351",4,"74",0
"352",4,"77",0
"353",4,"78",0
"354",4,"79",0
"355",4,"82",0
"356",4,"84",0
"357",4,"86",0
"358",4,"88",0
"359",5,"1",0
"360",5,"2",0
"361",5,"3",0
"362",5,"4",0
"363",5,"5",0
"364",5,"6",0
"365",5,"7",0
"366",5,"8",0
"367",5,"9",0
"368",5,"10",0
"369",5,"11",0
"370",5,"12",0
"371",5,"13",0
"372",5,"14",0
"373",5,"15",0
"374",5,"17",0
"375",5,"18",0
"376",5,"19",0
"377",5,"21",0
"378",5,"22",0
"379",5,"23",0
"380",5,"24",0
"381",5,"25",0
"382",5,"26",0
"383",5,"27",0
"384",5,"28",0
"385",5,"29",0
"386",5,"30",0
"387",5,"31",0
"388",5,"32",0
"389",5,"33",0
"390",5,"34",0
"391",5,"35",0
"392",5,"36",0
"393",5,"37",0
"394",5,"38",0
"395",5,"39",0
"396",5,"40",0
"397",5,"41",0
"398",5,"42",1
"399",5,"43",0
"400",5,"45",0
"401",5,"46",0
"402",5,"47",0
"403",5,"48",0
"404",5,"49",0
"405",5,"50",0
"406",5,"51",0
"407",5,"52",0
"408",5,"53",0
"409",5,"54",0
"410",5,"55",0
"411",5,"56",0
"412",5,"57",0
"413",5,"58",0
"414",5,"60",0
"415",5,"61",0
"416",5,"62",0
"417",5,"63",0
"418",5,"65",0
"419",5,"66",0
"420",5,"67",0
"421",5,"68",1
"422",5,"69",0
"423",5,"70",0
"424",5,"71",0
"425",5,"72",0
"426",5,"74",0
"427",5,"76",0
"428",5,"77",0
"429",5,"78",0
"430",5,"80",0
"431",5,"84",0
"432",5,"87",0
"433",5,"93",0
"434",5,"94",0
"435",5,"97",0
"436",5,"99",0
"437",6,"0",0
"438",6,"1",0
"439",6,"2",0
"440",6,"3",0
"441",6,"4",0
"442",6,"5",0
"443",6,"6",0
"444",6,"7",0
"445",6,"8",0
"446",6,"10",0
"447",6,"11",0
"448",6,"12",0
"449",6,"13",0
"450",6,"14",0
"451",6,"16",0
"452",6,"17",0
"453",6,"18",0
"454",6,"20",0
"455",6,"21",0
"456",6,"22",0
"457",6,"23",0
"458",6,"24",0
"459",6,"25",0
"460",6,"26",0
"461",6,"27",0
"462",6,"28",0
"463",6,"29",0
"464",6,"30",0
"465",6,"31",0
"466",6,"32",0
"467",6,"33",0
"468",6,"34",0
"469",6,"35",0
"470",6,"36",0
"471",6,"37",0
"472",6,"38",0
"473",6,"39",0
"474",6,"40",0
"475",6,"41",0
"476",6,"42",0
"477",6,"43",0
"478",6,"45",0
"479",6,"46",0
"480",6,"47",0
"481",6,"48",1
"482",6,"49",0
"483",6,"50",0
"484",6,"51",0
"485",6,"52",0
"486",6,"53",0
"487",6,"54",0
"488",6,"55",0
"489",6,"56",0
"490",6,"59",0
"491",6,"61",0
"492",6,"62",0
"493",6,"63",0
"494",6,"64",0
"495",6,"65",0
"496",6,"66",2
"497",6,"68",0
"498",6,"70",0
"499",6,"71",0
"500",6,"72",0
"501",6,"73",0
"502",6,"74",0
"503",6,"75",0
"504",6,"76",0
"505",6,"78",0
"506",6,"80",0
"507",6,"86",0
"508",6,"89",0
"509",7,"0",0
"510",7,"1",0
"511",7,"2",0
"512",7,"3",0
"513",7,"4",0
"514",7,"5",0
"515",7,"6",0
"516",7,"7",0
"517",7,"8",0
"518",7,"10",0
"519",7,"11",0
"520",7,"12",0
"521",7,"13",0
"522",7,"14",0
"523",7,"15",0
"524",7,"16",0
"525",7,"19",0
"526",7,"20",0
"527",7,"21",0
"528",7,"22",0
"529",7,"23",0
"530",7,"24",0
"531",7,"25",0
"532",7,"26",0
"533",7,"27",0
"534",7,"28",0
"535",7,"29",0
"536",7,"30",0
"537",7,"31",0
"538",7,"32",0
"539",7,"33",0
"540",7,"34",0
"541",7,"35",0
"542",7,"36",0
"543",7,"37",0
"544",7,"38",0
"545",7,"39",0
"546",7,"40",0
"547",7,"41",0
"548",7,"42",0
"549",7,"43",0
"550",7,"44",0
"551",7,"45",0
"552",7,"46",0
"553",7,"47",0
"554",7,"48",0
"555",7,"49",0
"556",7,"50",0
"557",7,"51",0
"558",7,"52",0
"559",7,"53",0
"560",7,"54",0
"561",7,"56",0
"562",7,"58",0
"563",7,"59",0
"564",7,"60",0
"565",7,"62",0
"566",7,"65",0
"567",7,"68",0
"568",7,"69",0
"569",7,"70",0
"570",7,"71",0
"571",7,"72",0
"572",7,"73",0
"573",7,"74",0
"574",7,"75",0
"575",7,"76",0
"576",7,"77",0
"577",7,"78",0
"578",7,"80",0
"579",7,"84",0
"580",7,"85",0
"581",8,"1",0
"582",8,"2",0
"583",8,"3",0
"584",8,"4",0
"585",8,"5",0
"586",8,"6",0
"587",8,"7",0
"588",8,"8",0
"589",8,"9",0
"590",8,"11",0
"591",8,"12",0
"592",8,"13",0
"593",8,"14",0
"594",8,"15",0
"595",8,"16",0
"596",8,"17",0
"597",8,"18",0
"598",8,"19",0
"599",8,"20",0
"600",8,"21",0
"601",8,"22",0
"602",8,"23",0
"603",8,"24",0
"604",8,"25",0
"605",8,"26",0
"606",8,"27",0
"607",8,"28",0
"608",8,"29",0
"609",8,"30",0
"610",8,"31",0
"611",8,"32",0
"612",8,"33",0
"613",8,"34",0
"614",8,"35",0
"615",8,"36",0
"616",8,"37",0
"617",8,"38",0
"618",8,"39",0
"619",8,"40",0
"620",8,"41",0
"621",8,"42",0
"622",8,"43",0
"623",8,"44",0
"624",8,"45",0
"625",8,"46",0
"626",8,"47",0
"627",8,"48",0
"628",8,"49",0
"629",8,"50",0
"630",8,"51",0
"631",8,"52",0
"632",8,"53",0
"633",8,"54",0
"634",8,"55",0
"635",8,"56",0
"636",8,"57",0
"637",8,"58",0
"638",8,"59",0
"639",8,"60",0
"640",8,"61",0
"641",8,"62",0
"642",8,"63",0
"643",8,"64",0
"644",8,"65",1
"645",8,"66",0
"646",8,"67",0
"647",8,"68",0
"648",8,"69",1
"649",8,"70",0
"650",8,"71",0
"651",8,"72",0
"652",8,"75",0
"653",8,"76",0
"654",8,"78",0
"655",8,"81",0
"656",8,"83",0
"657",8,"85",0
"658",8,"86",0
"659",8,"90",1
"660",8,"92",0
"661",8,"97",0
"662",9,"0",0
"663",9,"1",0
"664",9,"2",0
"665",9,"3",0
"666",9,"4",0
"667",9,"5",0
"668",9,"6",0
"669",9,"7",0
"670",9,"8",0
"671",9,"9",0
"672",9,"10",0
"673",9,"11",0
"674",9,"12",0
"675",9,"13",0
"676",9,"14",0
"677",9,"15",0
"678",9,"16",0
"679",9,"17",0
"680",9,"18",0
"681",9,"19",0
"682",9,"20",0
"683",9,"21",0
"684",9,"22",0
"685",9,"23",0
"686",9,"24",0
"687",9,"25",0
"688",9,"26",0
"689",9,"27",0
"690",9,"28",0
"691",9,"29",0
"692",9,"30",0
"693",9,"31",0
"694",9,"32",0
"695",9,"33",0
"696",9,"34",0
"697",9,"35",0
"698",9,"36",0
"699",9,"37",1
"700",9,"38",0
"701",9,"39",0
"702",9,"40",0
"703",9,"41",0
"704",9,"42",0
"705",9,"43",0
"706",9,"44",0
"707",9,"45",0
"708",9,"46",0
"709",9,"47",0
"710",9,"48",0
"711",9,"49",0
"712",9,"50",0
"713",9,"51",0
"714",9,"52",0
"715",9,"53",0
"716",9,"54",0
"717",9,"55",0
"718",9,"56",0
"719",9,"57",1
"720",9,"58",0
"721",9,"59",0
"722",9,"60",0
"723",9,"61",0
"724",9,"62",0
"725",9,"63",0
"726",9,"64",0
"727",9,"65",0
"728",9,"66",0
"729",9,"67",1
"730",9,"68",1
"731",9,"69",0
"732",9,"70",0
"733",9,"71",0
"734",9,"72",1
"735",9,"73",2
"736",9,"74",0
"737",9,"75",0
"738",9,"76",0
"739",9,"77",0
"740",9,"79",0
"741",9,"80",0
"742",9,"81",0
"743",9,"82",0
"744",9,"83",0
"745",9,"89",0
"746",9,"93",0
"747",9,"94",0
"748",10,"0",0
"749",10,"1",1
"750",10,"2",0
"751",10,"3",0
"752",10,"4",0
"753",10,"5",0
"754",10,"6",0
"755",10,"7",0
"756",10,"8",0
"757",10,"9",0
"758",10,"10",1
"759",10,"11",0
"760",10,"12",0
"761",10,"13",0
"762",10,"14",0
"763",10,"15",0
"764",10,"16",1
"765",10,"17",0
"766",10,"18",0
"767",10,"19",0
"768",10,"20",0
"769",10,"21",0
"770",10,"22",0
"771",10,"23",0
"772",10,"24",0
"773",10,"25",0
"774",10,"26",0
"775",10,"27",0
"776",10,"28",0
"777",10,"29",0
"778",10,"30",0
"779",10,"31",0
"780",10,"32",0
"781",10,"33",0
"782",10,"34",0
"783",10,"35",0
"784",10,"36",0
"785",10,"37",0
"786",10,"38",0
"787",10,"39",0
"788",10,"40",0
"789",10,"41",1
"790",10,"42",0
"791",10,"43",0
"792",10,"44",0
"793",10,"45",0
"794",10,"46",1
"795",10,"47",0
"796",10,"48",0
"797",10,"49",0
"798",10,"50",1
"799",10,"51",1
"800",10,"52",0
"801",10,"53",0
"802",10,"54",1
"803",10,"55",1
"804",10,"56",1
"805",10,"57",1
"806",10,"58",0
"807",10,"59",0
"808",10,"60",0
"809",10,"61",2
"810",10,"62",2
"811",10,"63",0
"812",10,"64",0
"813",10,"65",0
"814",10,"66",1
"815",10,"67",0
"816",10,"68",0
"817",10,"69",0
"818",10,"70",0
"819",10,"71",0
"820",10,"72",0
"821",10,"73",0
"822",10,"74",0
"823",10,"75",0
"824",10,"76",2
"825",10,"77",0
"826",10,"78",0
"827",10,"79",2
"828",10,"80",1
"829",10,"81",0
"830",10,"82",0
"831",10,"83",0
"832",10,"84",0
"833",10,"85",0
"834",10,"86",0
"835",10,"87",1
"836",10,"88",1
"837",10,"89",0
"838",10,"90",0
"839",10,"91",1
"840",10,"92",0
"841",10,"94",0
"842",11,"0",0
"843",11,"1",3
"844",11,"2",0
"845",11,"3",0
"846",11,"4",0
"847",11,"5",0
"848",11,"6",0
"849",11,"7",0
"850",11,"8",0
"851",11,"9",0
"852",11,"10",0
"853",11,"11",0
"854",11,"12",0
"855",11,"13",0
"856",11,"14",0
"857",11,"15",1
"858",11,"16",0
"859",11,"17",0
"860",11,"18",1
"861",11,"19",2
"862",11,"20",0
"863",11,"21",0
"864",11,"22",0
"865",11,"23",0
"866",11,"24",0
"867",11,"25",0
"868",11,"26",0
"869",11,"27",1
"870",11,"28",0
"871",11,"29",2
"872",11,"30",0
"873",11,"31",0
"874",11,"32",0
"875",11,"33",1
"876",11,"34",0
"877",11,"35",0
"878",11,"36",0
"879",11,"37",1
"880",11,"38",0
"881",11,"39",3
"882",11,"40",2
"883",11,"41",2
"884",11,"42",0
"885",11,"43",1
"886",11,"44",1
"887",11,"45",1
"888",11,"46",2
"889",11,"47",0
"890",11,"48",0
"891",11,"49",1
"892",11,"50",1
"893",11,"51",2
"894",11,"52",0
"895",11,"53",3
"896",11,"54",1
"897",11,"55",3
"898",11,"56",1
"899",11,"57",2
"900",11,"58",1
"901",11,"59",3
"902",11,"60",2
"903",11,"61",1
"904",11,"62",3
"905",11,"63",3
"906",11,"64",0
"907",11,"65",5
"908",11,"66",1
"909",11,"67",3
"910",11,"68",1
"911",11,"69",3
"912",11,"70",2
"913",11,"71",0
"914",11,"72",4
"915",11,"73",1
"916",11,"74",3
"917",11,"75",3
"918",11,"76",1
"919",11,"77",2
"920",11,"78",3
"921",11,"79",3
"922",11,"80",3
"923",11,"81",2
"924",11,"82",1
"925",11,"83",3
"926",11,"84",2
"927",11,"85",1
"928",11,"86",0
"929",11,"87",0
"930",11,"88",1
"931",11,"89",0
"932",11,"90",0
"933",11,"91",1
"934",11,"92",0
"935",11,"93",0
"936",11,"95",0
"937",11,"96",0
"938",12,"0",2
"939",12,"1",1
"940",12,"2",1
"941",12,"3",0
"942",12,"4",0
"943",12,"5",0
"944",12,"6",0
"945",12,"7",0
"946",12,"8",1
"947",12,"9",0
"948",12,"10",0
"949",12,"11",0
"950",12,"12",0
"951",12,"13",0
"952",12,"14",0
"953",12,"15",1
"954",12,"16",0
"955",12,"17",0
"956",12,"18",0
"957",12,"19",0
"958",12,"20",0
"959",12,"21",0
"960",12,"22",1
"961",12,"23",0
"962",12,"24",2
"963",12,"25",0
"964",12,"26",1
"965",12,"27",0
"966",12,"28",2
"967",12,"29",1
"968",12,"30",0
"969",12,"31",0
"970",12,"32",0
"971",12,"33",1
"972",12,"34",0
"973",12,"35",1
"974",12,"36",4
"975",12,"37",0
"976",12,"38",0
"977",12,"39",0
"978",12,"40",0
"979",12,"41",0
"980",12,"42",1
"981",12,"43",3
"982",12,"44",2
"983",12,"45",4
"984",12,"46",4
"985",12,"47",3
"986",12,"48",4
"987",12,"49",1
"988",12,"50",5
"989",12,"51",3
"990",12,"52",3
"991",12,"53",6
"992",12,"54",5
"993",12,"55",7
"994",12,"56",7
"995",12,"57",9
"996",12,"58",3
"997",12,"59",7
"998",12,"60",2
"999",12,"61",7
"1000",12,"62",6
"1001",12,"63",2
"1002",12,"64",3
"1003",12,"65",5
"1004",12,"66",10
"1005",12,"67",9
"1006",12,"68",7
"1007",12,"69",4
"1008",12,"70",3
"1009",12,"71",5
"1010",12,"72",1
"1011",12,"73",5
"1012",12,"74",5
"1013",12,"75",5
"1014",12,"76",4
"1015",12,"77",5
"1016",12,"78",3
"1017",12,"79",2
"1018",12,"80",3
"1019",12,"81",3
"1020",12,"82",7
"1021",12,"83",1
"1022",12,"84",8
"1023",12,"85",4
"1024",12,"86",4
"1025",12,"87",3
"1026",12,"88",0
"1027",12,"89",1
"1028",12,"90",2
"1029",12,"91",2
"1030",12,"92",3
"1031",12,"93",0
"1032",12,"94",0
"1033",12,"95",0
"1034",12,"97",0
"1035",12,"98",0
"1036",12,"99",0
"1037",13,"0",2
"1038",13,"1",2
"1039",13,"2",4
"1040",13,"3",0
"1041",13,"4",0
"1042",13,"5",1
"1043",13,"6",1
"1044",13,"7",0
"1045",13,"8",1
"1046",13,"9",0
"1047",13,"10",0
"1048",13,"11",0
"1049",13,"12",1
"1050",13,"13",0
"1051",13,"14",0
"1052",13,"15",0
"1053",13,"16",1
"1054",13,"17",0
"1055",13,"18",1
"1056",13,"19",0
"1057",13,"20",0
"1058",13,"21",0
"1059",13,"22",3
"1060",13,"23",4
"1061",13,"24",0
"1062",13,"25",3
"1063",13,"26",3
"1064",13,"27",1
"1065",13,"28",3
"1066",13,"29",2
"1067",13,"30",0
"1068",13,"31",2
"1069",13,"32",0
"1070",13,"33",2
"1071",13,"34",3
"1072",13,"35",4
"1073",13,"36",2
"1074",13,"37",2
"1075",13,"38",4
"1076",13,"39",4
"1077",13,"40",4
"1078",13,"41",1
"1079",13,"42",5
"1080",13,"43",3
"1081",13,"44",6
"1082",13,"45",9
"1083",13,"46",4
"1084",13,"47",9
"1085",13,"48",6
"1086",13,"49",8
"1087",13,"50",3
"1088",13,"51",10
"1089",13,"52",5
"1090",13,"53",11
"1091",13,"54",4
"1092",13,"55",11
"1093",13,"56",6
"1094",13,"57",9
"1095",13,"58",9
"1096",13,"59",9
"1097",13,"60",9
"1098",13,"61",10
"1099",13,"62",18
"1100",13,"63",6
"1101",13,"64",9
"1102",13,"65",7
"1103",13,"66",12
"1104",13,"67",8
"1105",13,"68",15
"1106",13,"69",13
"1107",13,"70",8
"1108",13,"71",3
"1109",13,"72",7
"1110",13,"73",6
"1111",13,"74",8
"1112",13,"75",5
"1113",13,"76",6
"1114",13,"77",9
"1115",13,"78",10
"1116",13,"79",7
"1117",13,"80",8
"1118",13,"81",5
"1119",13,"82",1
"1120",13,"83",4
"1121",13,"84",4
"1122",13,"85",3
"1123",13,"86",3
"1124",13,"87",5
"1125",13,"88",4
"1126",13,"89",2
"1127",13,"90",2
"1128",13,"91",1
"1129",13,"92",2
"1130",13,"93",1
"1131",13,"94",1
"1132",13,"95",1
"1133",13,"96",1
"1134",13,"97",0
"1135",13,"98",0
"1136",13,"99",0
"1137",13,"100",0
"1138",13,"102",0
"1139",14,"0",1
"1140",14,"1",2
"1141",14,"2",2
"1142",14,"3",0
"1143",14,"4",0
"1144",14,"5",0
"1145",14,"6",0
"1146",14,"7",1
"1147",14,"8",0
"1148",14,"9",1
"1149",14,"10",0
"1150",14,"11",0
"1151",14,"12",1
"1152",14,"13",0
"1153",14,"14",0
"1154",14,"15",2
"1155",14,"16",0
"1156",14,"17",0
"1157",14,"18",1
"1158",14,"19",1
"1159",14,"20",0
"1160",14,"21",1
"1161",14,"22",1
"1162",14,"23",0
"1163",14,"24",0
"1164",14,"25",0
"1165",14,"26",2
"1166",14,"27",1
"1167",14,"28",1
"1168",14,"29",5
"1169",14,"30",4
"1170",14,"31",3
"1171",14,"32",2
"1172",14,"33",3
"1173",14,"34",0
"1174",14,"35",3
"1175",14,"36",4
"1176",14,"37",3
"1177",14,"38",3
"1178",14,"39",4
"1179",14,"40",4
"1180",14,"41",7
"1181",14,"42",6
"1182",14,"43",6
"1183",14,"44",5
"1184",14,"45",5
"1185",14,"46",7
"1186",14,"47",7
"1187",14,"48",13
"1188",14,"49",10
"1189",14,"50",10
"1190",14,"51",11
"1191",14,"52",7
"1192",14,"53",14
"1193",14,"54",11
"1194",14,"55",8
"1195",14,"56",18
"1196",14,"57",19
"1197",14,"58",15
"1198",14,"59",8
"1199",14,"60",15
"1200",14,"61",10
"1201",14,"62",14
"1202",14,"63",16
"1203",14,"64",14
"1204",14,"65",17
"1205",14,"66",8
"1206",14,"67",17
"1207",14,"68",13
"1208",14,"69",19
"1209",14,"70",11
"1210",14,"71",7
"1211",14,"72",10
"1212",14,"73",10
"1213",14,"74",9
"1214",14,"75",9
"1215",14,"76",12
"1216",14,"77",7
"1217",14,"78",11
"1218",14,"79",10
"1219",14,"80",10
"1220",14,"81",8
"1221",14,"82",3
"1222",14,"83",13
"1223",14,"84",8
"1224",14,"85",3
"1225",14,"86",3
"1226",14,"87",10
"1227",14,"88",7
"1228",14,"89",1
"1229",14,"90",3
"1230",14,"91",2
"1231",14,"92",0
"1232",14,"93",3
"1233",14,"94",1
"1234",14,"95",0
"1235",14,"96",0
"1236",14,"97",1
"1237",14,"98",0
"1238",14,"99",0
"1239",14,"100",0
"1240",15,"0",4
"1241",15,"1",5
"1242",15,"2",0
"1243",15,"3",1
"1244",15,"4",1
"1245",15,"5",0
"1246",15,"6",0
"1247",15,"7",0
"1248",15,"8",1
"1249",15,"9",0
"1250",15,"10",1
"1251",15,"11",0
"1252",15,"12",0
"1253",15,"13",0
"1254",15,"14",0
"1255",15,"15",0
"1256",15,"16",0
"1257",15,"17",0
"1258",15,"18",1
"1259",15,"19",0
"1260",15,"20",2
"1261",15,"21",4
"1262",15,"22",1
"1263",15,"23",1
"1264",15,"24",2
"1265",15,"25",0
"1266",15,"26",0
"1267",15,"27",3
"1268",15,"28",2
"1269",15,"29",3
"1270",15,"30",4
"1271",15,"31",5
"1272",15,"32",2
"1273",15,"33",6
"1274",15,"34",3
"1275",15,"35",5
"1276",15,"36",4
"1277",15,"37",3
"1278",15,"38",6
"1279",15,"39",5
"1280",15,"40",1
"1281",15,"41",10
"1282",15,"42",8
"1283",15,"43",6
"1284",15,"44",12
"1285",15,"45",17
"1286",15,"46",9
"1287",15,"47",12
"1288",15,"48",13
"1289",15,"49",16
"1290",15,"50",10
"1291",15,"51",16
"1292",15,"52",17
"1293",15,"53",18
"1294",15,"54",19
"1295",15,"55",13
"1296",15,"56",27
"1297",15,"57",18
"1298",15,"58",31
"1299",15,"59",22
"1300",15,"60",18
"1301",15,"61",22
"1302",15,"62",26
"1303",15,"63",22
"1304",15,"64",21
"1305",15,"65",20
"1306",15,"66",29
"1307",15,"67",16
"1308",15,"68",23
"1309",15,"69",18
"1310",15,"70",26
"1311",15,"71",18
"1312",15,"72",15
"1313",15,"73",18
"1314",15,"74",12
"1315",15,"75",11
"1316",15,"76",15
"1317",15,"77",17
"1318",15,"78",7
"1319",15,"79",7
"1320",15,"80",12
"1321",15,"81",5
"1322",15,"82",9
"1323",15,"83",9
"1324",15,"84",12
"1325",15,"85",3
"1326",15,"86",2
"1327",15,"87",6
"1328",15,"88",7
"1329",15,"89",1
"1330",15,"90",5
"1331",15,"91",2
"1332",15,"92",2
"1333",15,"93",0
"1334",15,"94",1
"1335",15,"95",1
"1336",15,"96",1
"1337",15,"97",0
"1338",15,"98",1
"1339",15,"99",1
"1340",15,"100",1
"1341",15,"102",0
"1342",15,"103",0
"1343",16,"0",1
"1344",16,"1",6
"1345",16,"2",1
"1346",16,"3",1
"1347",16,"4",0
"1348",16,"5",0
"1349",16,"6",0
"1350",16,"7",0
"1351",16,"8",0
"1352",16,"9",2
"1353",16,"10",1
"1354",16,"11",0
"1355",16,"12",0
"1356",16,"13",0
"1357",16,"14",0
"1358",16,"15",0
"1359",16,"16",0
"1360",16,"17",0
"1361",16,"18",1
"1362",16,"19",1
"1363",16,"20",1
"1364",16,"21",1
"1365",16,"22",1
"1366",16,"23",2
"1367",16,"24",1
"1368",16,"25",2
"1369",16,"26",2
"1370",16,"27",1
"1371",16,"28",2
"1372",16,"29",0
"1373",16,"30",3
"1374",16,"31",5
"1375",16,"32",1
"1376",16,"33",9
"1377",16,"34",3
"1378",16,"35",6
"1379",16,"36",3
"1380",16,"37",7
"1381",16,"38",5
"1382",16,"39",12
"1383",16,"40",8
"1384",16,"41",10
"1385",16,"42",7
"1386",16,"43",12
"1387",16,"44",4
"1388",16,"45",10
"1389",16,"46",12
"1390",16,"47",13
"1391",16,"48",19
"1392",16,"49",14
"1393",16,"50",21
"1394",16,"51",23
"1395",16,"52",23
"1396",16,"53",19
"1397",16,"54",17
"1398",16,"55",28
"1399",16,"56",15
"1400",16,"57",18
"1401",16,"58",33
"1402",16,"59",37
"1403",16,"60",20
"1404",16,"61",26
"1405",16,"62",31
"1406",16,"63",28
"1407",16,"64",20
"1408",16,"65",23
"1409",16,"66",17
"1410",16,"67",25
"1411",16,"68",17
"1412",16,"69",24
"1413",16,"70",17
"1414",16,"71",22
"1415",16,"72",16
"1416",16,"73",20
"1417",16,"74",16
"1418",16,"75",10
"1419",16,"76",20
"1420",16,"77",14
"1421",16,"78",22
"1422",16,"79",13
"1423",16,"80",15
"1424",16,"81",11
"1425",16,"82",13
"1426",16,"83",8
"1427",16,"84",9
"1428",16,"85",7
"1429",16,"86",8
"1430",16,"87",8
"1431",16,"88",7
"1432",16,"89",4
"1433",16,"90",3
"1434",16,"91",2
"1435",16,"92",2
"1436",16,"93",2
"1437",16,"94",3
"1438",16,"95",1
"1439",16,"96",2
"1440",16,"97",1
"1441",16,"98",0
"1442",16,"100",0
"1443",16,"101",1
"1444",16,"103",0
"1445",17,"0",5
"1446",17,"1",3
"1447",17,"2",0
"1448",17,"3",0
"1449",17,"4",0
"1450",17,"5",0
"1451",17,"6",0
"1452",17,"7",0
"1453",17,"8",1
"1454",17,"9",0
"1455",17,"10",1
"1456",17,"11",0
"1457",17,"12",1
"1458",17,"13",0
"1459",17,"14",0
"1460",17,"15",0
"1461",17,"16",0
"1462",17,"17",2
"1463",17,"18",1
"1464",17,"19",1
"1465",17,"20",0
"1466",17,"21",2
"1467",17,"22",3
"1468",17,"23",1
"1469",17,"24",3
"1470",17,"25",2
"1471",17,"26",5
"1472",17,"27",0
"1473",17,"28",1
"1474",17,"29",5
"1475",17,"30",4
"1476",17,"31",6
"1477",17,"32",8
"1478",17,"33",1
"1479",17,"34",9
"1480",17,"35",5
"1481",17,"36",1
"1482",17,"37",5
"1483",17,"38",8
"1484",17,"39",4
"1485",17,"40",7
"1486",17,"41",10
"1487",17,"42",10
"1488",17,"43",10
"1489",17,"44",13
"1490",17,"45",21
"1491",17,"46",18
"1492",17,"47",20
"1493",17,"48",18
"1494",17,"49",18
"1495",17,"50",18
"1496",17,"51",26
"1497",17,"52",20
"1498",17,"53",19
"1499",17,"54",22
"1500",17,"55",29
"1501",17,"56",37
"1502",17,"57",34
"1503",17,"58",23
"1504",17,"59",36
"1505",17,"60",32
"1506",17,"61",31
"1507",17,"62",29
"1508",17,"63",40
"1509",17,"64",31
"1510",17,"65",27
"1511",17,"66",39
"1512",17,"67",45
"1513",17,"68",38
"1514",17,"69",27
"1515",17,"70",27
"1516",17,"71",30
"1517",17,"72",26
"1518",17,"73",18
"1519",17,"74",27
"1520",17,"75",28
"1521",17,"76",19
"1522",17,"77",20
"1523",17,"78",23
"1524",17,"79",17
"1525",17,"80",20
"1526",17,"81",17
"1527",17,"82",14
"1528",17,"83",8
"1529",17,"84",12
"1530",17,"85",4
"1531",17,"86",5
"1532",17,"87",6
"1533",17,"88",7
"1534",17,"89",9
"1535",17,"90",5
"1536",17,"91",5
"1537",17,"92",4
"1538",17,"93",3
"1539",17,"94",2
"1540",17,"95",0
"1541",17,"96",0
"1542",17,"97",1
"1543",17,"98",0
"1544",17,"99",0
"1545",17,"100",0
"1546",17,"101",0
"1547",17,"102",0
"1548",17,"103",0
"1549",17,"108",0
"1550",18,"0",4
"1551",18,"1",1
"1552",18,"2",0
"1553",18,"3",2
"1554",18,"4",0
"1555",18,"5",0
"1556",18,"6",1
"1557",18,"7",1
"1558",18,"8",0
"1559",18,"9",0
"1560",18,"10",1
"1561",18,"11",1
"1562",18,"12",0
"1563",18,"13",1
"1564",18,"14",1
"1565",18,"15",0
"1566",18,"16",0
"1567",18,"17",1
"1568",18,"18",2
"1569",18,"19",0
"1570",18,"20",1
"1571",18,"21",2
"1572",18,"22",0
"1573",18,"23",2
"1574",18,"24",2
"1575",18,"25",0
"1576",18,"26",4
"1577",18,"27",2
"1578",18,"28",1
"1579",18,"29",5
"1580",18,"30",8
"1581",18,"31",5
"1582",18,"32",8
"1583",18,"33",6
"1584",18,"34",3
"1585",18,"35",6
"1586",18,"36",6
"1587",18,"37",3
"1588",18,"38",11
"1589",18,"39",11
"1590",18,"40",15
"1591",18,"41",8
"1592",18,"42",15
"1593",18,"43",19
"1594",18,"44",14
"1595",18,"45",18
"1596",18,"46",19
"1597",18,"47",22
"1598",18,"48",20
"1599",18,"49",33
"1600",18,"50",27
"1601",18,"51",30
"1602",18,"52",38
"1603",18,"53",28
"1604",18,"54",22
"1605",18,"55",23
"1606",18,"56",35
"1607",18,"57",38
"1608",18,"58",30
"1609",18,"59",31
"1610",18,"60",30
"1611",18,"61",55
"1612",18,"62",30
"1613",18,"63",40
"1614",18,"64",33
"1615",18,"65",39
"1616",18,"66",39
"1617",18,"67",43
"1618",18,"68",33
"1619",18,"69",44
"1620",18,"70",35
"1621",18,"71",32
"1622",18,"72",40
"1623",18,"73",27
"1624",18,"74",33
"1625",18,"75",33
"1626",18,"76",31
"1627",18,"77",19
"1628",18,"78",29
"1629",18,"79",16
"1630",18,"80",13
"1631",18,"81",20
"1632",18,"82",18
"1633",18,"83",27
"1634",18,"84",20
"1635",18,"85",18
"1636",18,"86",10
"1637",18,"87",11
"1638",18,"88",11
"1639",18,"89",5
"1640",18,"90",7
"1641",18,"91",6
"1642",18,"92",3
"1643",18,"93",2
"1644",18,"94",2
"1645",18,"95",1
"1646",18,"96",1
"1647",18,"97",1
"1648",18,"98",1
"1649",18,"99",0
"1650",18,"100",0
"1651",18,"101",1
"1652",18,"103",0
"1653",18,"106",0
"1654",19,"0",4
"1655",19,"1",2
"1656",19,"2",2
"1657",19,"3",1
"1658",19,"4",0
"1659",19,"5",0
"1660",19,"6",0
"1661",19,"7",0
"1662",19,"8",0
"1663",19,"9",0
"1664",19,"10",0
"1665",19,"11",0
"1666",19,"12",0
"1667",19,"13",1
"1668",19,"14",2
"1669",19,"15",0
"1670",19,"16",0
"1671",19,"17",2
"1672",19,"18",1
"1673",19,"19",0
"1674",19,"20",0
"1675",19,"21",1
"1676",19,"22",1
"1677",19,"23",2
"1678",19,"24",1
"1679",19,"25",4
"1680",19,"26",6
"1681",19,"27",3
"1682",19,"28",2
"1683",19,"29",7
"1684",19,"30",8
"1685",19,"31",2
"1686",19,"32",3
"1687",19,"33",4
"1688",19,"34",10
"1689",19,"35",1
"1690",19,"36",2
"1691",19,"37",8
"1692",19,"38",11
"1693",19,"39",13
"1694",19,"40",14
"1695",19,"41",12
"1696",19,"42",8
"1697",19,"43",17
"1698",19,"44",19
"1699",19,"45",17
"1700",19,"46",13
"1701",19,"47",9
"1702",19,"48",20
"1703",19,"49",18
"1704",19,"50",35
"1705",19,"51",26
"1706",19,"52",33
"1707",19,"53",27
"1708",19,"54",34
"1709",19,"55",28
"1710",19,"56",30
"1711",19,"57",42
"1712",19,"58",35
"1713",19,"59",39
"1714",19,"60",46
"1715",19,"61",42
"1716",19,"62",48
"1717",19,"63",51
"1718",19,"64",37
"1719",19,"65",40
"1720",19,"66",37
"1721",19,"67",32
"1722",19,"68",38
"1723",19,"69",37
"1724",19,"70",39
"1725",19,"71",45
"1726",19,"72",47
"1727",19,"73",23
"1728",19,"74",23
"1729",19,"75",28
"1730",19,"76",30
"1731",19,"77",20
"1732",19,"78",25
"1733",19,"79",26
"1734",19,"80",24
"1735",19,"81",24
"1736",19,"82",29
"1737",19,"83",22
"1738",19,"84",17
"1739",19,"85",17
"1740",19,"86",12
"1741",19,"87",11
"1742",19,"88",6
"1743",19,"89",3
"1744",19,"90",11
"1745",19,"91",7
"1746",19,"92",1
"1747",19,"93",5
"1748",19,"94",4
"1749",19,"95",3
"1750",19,"96",2
"1751",19,"97",1
"1752",19,"98",0
"1753",19,"99",1
"1754",19,"100",0
"1755",19,"101",0
"1756",19,"102",0
"1757",19,"104",0
"1758",19,"108",0
"1759",19,"110",0
"1760",19,"111",0
"1761",19,"113",0
"1762",20,"0",2
"1763",20,"1",3
"1764",20,"2",1
"1765",20,"3",0
"1766",20,"4",0
"1767",20,"5",0
"1768",20,"6",1
"1769",20,"7",0
"1770",20,"8",0
"1771",20,"9",2
"1772",20,"10",0
"1773",20,"11",1
"1774",20,"12",0
"1775",20,"13",0
"1776",20,"14",1
"1777",20,"15",2
"1778",20,"16",0
"1779",20,"17",1
"1780",20,"18",0
"1781",20,"19",3
"1782",20,"20",3
"1783",20,"21",1
"1784",20,"22",2
"1785",20,"23",2
"1786",20,"24",2
"1787",20,"25",5
"1788",20,"26",5
"1789",20,"27",2
"1790",20,"28",6
"1791",20,"29",4
"1792",20,"30",6
"1793",20,"31",5
"1794",20,"32",4
"1795",20,"33",4
"1796",20,"34",8
"1797",20,"35",6
"1798",20,"36",8
"1799",20,"37",13
"1800",20,"38",15
"1801",20,"39",8
"1802",20,"40",8
"1803",20,"41",13
"1804",20,"42",10
"1805",20,"43",9
"1806",20,"44",19
"1807",20,"45",15
"1808",20,"46",20
"1809",20,"47",24
"1810",20,"48",22
"1811",20,"49",24
"1812",20,"50",21
"1813",20,"51",28
"1814",20,"52",42
"1815",20,"53",27
"1816",20,"54",42
"1817",20,"55",28
"1818",20,"56",44
"1819",20,"57",35
"1820",20,"58",37
"1821",20,"59",46
"1822",20,"60",44
"1823",20,"61",58
"1824",20,"62",33
"1825",20,"63",40
"1826",20,"64",46
"1827",20,"65",38
"1828",20,"66",54
"1829",20,"67",48
"1830",20,"68",47
"1831",20,"69",34
"1832",20,"70",35
"1833",20,"71",31
"1834",20,"72",35
"1835",20,"73",41
"1836",20,"74",38
"1837",20,"75",32
"1838",20,"76",32
"1839",20,"77",27
"1840",20,"78",33
"1841",20,"79",26
"1842",20,"80",30
"1843",20,"81",19
"1844",20,"82",22
"1845",20,"83",28
"1846",20,"84",21
"1847",20,"85",12
"1848",20,"86",19
"1849",20,"87",11
"1850",20,"88",11
"1851",20,"89",7
"1852",20,"90",10
"1853",20,"91",4
"1854",20,"92",4
"1855",20,"93",6
"1856",20,"94",2
"1857",20,"95",1
"1858",20,"96",2
"1859",20,"97",2
"1860",20,"98",4
"1861",20,"99",1
"1862",20,"100",0
"1863",20,"102",0
"1864",20,"103",0
"1865",20,"108",0
"1866",20,"109",0
"1867",20,"115",0
"1868",20,"118",0
"1869",21,"0",5
"1870",21,"1",1
"1871",21,"2",0
"1872",21,"3",0
"1873",21,"4",2
"1874",21,"5",0
"1875",21,"6",0
"1876",21,"7",1
"1877",21,"8",0
"1878",21,"9",1
"1879",21,"10",0
"1880",21,"11",2
"1881",21,"12",0
"1882",21,"13",2
"1883",21,"14",0
"1884",21,"15",0
"1885",21,"16",0
"1886",21,"17",0
"1887",21,"18",1
"1888",21,"19",0
"1889",21,"20",1
"1890",21,"21",2
"1891",21,"22",1
"1892",21,"23",2
"1893",21,"24",3
"1894",21,"25",1
"1895",21,"26",4
"1896",21,"27",4
"1897",21,"28",5
"1898",21,"29",3
"1899",21,"30",8
"1900",21,"31",6
"1901",21,"32",5
"1902",21,"33",5
"1903",21,"34",7
"1904",21,"35",7
"1905",21,"36",6
"1906",21,"37",6
"1907",21,"38",11
"1908",21,"39",6
"1909",21,"40",10
"1910",21,"41",9
"1911",21,"42",17
"1912",21,"43",11
"1913",21,"44",26
"1914",21,"45",24
"1915",21,"46",26
"1916",21,"47",22
"1917",21,"48",23
"1918",21,"49",27
"1919",21,"50",33
"1920",21,"51",26
"1921",21,"52",32
"1922",21,"53",36
"1923",21,"54",38
"1924",21,"55",34
"1925",21,"56",47
"1926",21,"57",46
"1927",21,"58",40
"1928",21,"59",29
"1929",21,"60",52
"1930",21,"61",49
"1931",21,"62",52
"1932",21,"63",48
"1933",21,"64",48
"1934",21,"65",56
"1935",21,"66",67
"1936",21,"67",51
"1937",21,"68",60
"1938",21,"69",38
"1939",21,"70",45
"1940",21,"71",60
"1941",21,"72",48
"1942",21,"73",54
"1943",21,"74",43
"1944",21,"75",41
"1945",21,"76",37
"1946",21,"77",31
"1947",21,"78",41
"1948",21,"79",31
"1949",21,"80",34
"1950",21,"81",23
"1951",21,"82",26
"1952",21,"83",29
"1953",21,"84",19
"1954",21,"85",16
"1955",21,"86",15
"1956",21,"87",19
"1957",21,"88",14
"1958",21,"89",7
"1959",21,"90",15
"1960",21,"91",2
"1961",21,"92",3
"1962",21,"93",1
"1963",21,"94",2
"1964",21,"95",3
"1965",21,"96",3
"1966",21,"97",1
"1967",21,"98",0
"1968",21,"99",0
"1969",21,"100",0
"1970",21,"101",0
"1971",21,"102",0
"1972",21,"105",0
"1973",21,"106",0
"1974",21,"119",0
"1975",21,"120",0
"1976",22,"0",5
"1977",22,"1",5
"1978",22,"2",0
"1979",22,"3",2
"1980",22,"4",1
"1981",22,"5",1
"1982",22,"6",1
"1983",22,"7",0
"1984",22,"8",1
"1985",22,"9",0
"1986",22,"10",1
"1987",22,"11",0
"1988",22,"12",1
"1989",22,"13",0
"1990",22,"14",0
"1991",22,"15",1
"1992",22,"16",1
"1993",22,"17",3
"1994",22,"18",0
"1995",22,"19",0
"1996",22,"20",2
"1997",22,"21",2
"1998",22,"22",5
"1999",22,"23",1
"2000",22,"24",2
"2001",22,"25",2
"2002",22,"26",3
"2003",22,"27",4
"2004",22,"28",8
"2005",22,"29",4
"2006",22,"30",6
"2007",22,"31",5
"2008",22,"32",9
"2009",22,"33",9
"2010",22,"34",5
"2011",22,"35",4
"2012",22,"36",6
"2013",22,"37",9
"2014",22,"38",13
"2015",22,"39",9
"2016",22,"40",7
"2017",22,"41",12
"2018",22,"42",14
"2019",22,"43",17
"2020",22,"44",17
"2021",22,"45",21
"2022",22,"46",20
"2023",22,"47",17
"2024",22,"48",21
"2025",22,"49",37
"2026",22,"50",26
"2027",22,"51",31
"2028",22,"52",36
"2029",22,"53",41
"2030",22,"54",40
"2031",22,"55",36
"2032",22,"56",43
"2033",22,"57",30
"2034",22,"58",34
"2035",22,"59",43
"2036",22,"60",39
"2037",22,"61",48
"2038",22,"62",41
"2039",22,"63",47
"2040",22,"64",38
"2041",22,"65",47
"2042",22,"66",47
"2043",22,"67",40
"2044",22,"68",59
"2045",22,"69",48
"2046",22,"70",51
"2047",22,"71",42
"2048",22,"72",48
"2049",22,"73",42
"2050",22,"74",45
"2051",22,"75",42
"2052",22,"76",31
"2053",22,"77",41
"2054",22,"78",40
"2055",22,"79",27
"2056",22,"80",30
"2057",22,"81",40
"2058",22,"82",35
"2059",22,"83",24
"2060",22,"84",22
"2061",22,"85",16
"2062",22,"86",14
"2063",22,"87",11
"2064",22,"88",12
"2065",22,"89",5
"2066",22,"90",6
"2067",22,"91",3
"2068",22,"92",2
"2069",22,"93",2
"2070",22,"94",1
"2071",22,"95",2
"2072",22,"96",2
"2073",22,"97",2
"2074",22,"98",1
"2075",22,"99",1
"2076",22,"100",0
"2077",22,"101",1
"2078",22,"102",0
"2079",22,"104",0
"2080",22,"107",0
"2081",22,"110",0
"2082",22,"117",0
"2083",23,"0",3
"2084",23,"1",5
"2085",23,"2",0
"2086",23,"3",1
"2087",23,"4",0
"2088",23,"5",0
"2089",23,"6",0
"2090",23,"7",0
"2091",23,"8",0
"2092",23,"9",0
"2093",23,"10",1
"2094",23,"11",2
"2095",23,"12",1
"2096",23,"13",0
"2097",23,"14",1
"2098",23,"15",1
"2099",23,"16",0
"2100",23,"17",1
"2101",23,"18",1
"2102",23,"19",3
"2103",23,"20",0
"2104",23,"21",4
"2105",23,"22",4
"2106",23,"23",2
"2107",23,"24",2
"2108",23,"25",3
"2109",23,"26",6
"2110",23,"27",4
"2111",23,"28",5
"2112",23,"29",5
"2113",23,"30",5
"2114",23,"31",3
"2115",23,"32",7
"2116",23,"33",5
"2117",23,"34",5
"2118",23,"35",3
"2119",23,"36",5
"2120",23,"37",9
"2121",23,"38",13
"2122",23,"39",11
"2123",23,"40",10
"2124",23,"41",17
"2125",23,"42",11
"2126",23,"43",9
"2127",23,"44",22
"2128",23,"45",18
"2129",23,"46",18
"2130",23,"47",15
"2131",23,"48",24
"2132",23,"49",21
"2133",23,"50",23
"2134",23,"51",20
"2135",23,"52",30
"2136",23,"53",28
"2137",23,"54",35
"2138",23,"55",37
"2139",23,"56",45
"2140",23,"57",44
"2141",23,"58",38
"2142",23,"59",37
"2143",23,"60",54
"2144",23,"61",35
"2145",23,"62",47
"2146",23,"63",43
"2147",23,"64",49
"2148",23,"65",45
"2149",23,"66",56
"2150",23,"67",42
"2151",23,"68",53
"2152",23,"69",39
"2153",23,"70",44
"2154",23,"71",45
"2155",23,"72",34
"2156",23,"73",48
"2157",23,"74",35
"2158",23,"75",52
"2159",23,"76",38
"2160",23,"77",36
"2161",23,"78",44
"2162",23,"79",30
"2163",23,"80",34
"2164",23,"81",28
"2165",23,"82",22
"2166",23,"83",24
"2167",23,"84",22
"2168",23,"85",14
"2169",23,"86",24
"2170",23,"87",14
"2171",23,"88",13
"2172",23,"89",2
"2173",23,"90",11
"2174",23,"91",8
"2175",23,"92",4
"2176",23,"93",2
"2177",23,"94",3
"2178",23,"95",0
"2179",23,"96",2
"2180",23,"97",1
"2181",23,"98",1
"2182",23,"99",0
"2183",23,"100",2
"2184",23,"101",0
"2185",23,"102",1
"2186",23,"104",0
"2187",23,"107",0
"2188",23,"109",0
"2189",23,"114",0
"2190",23,"116",0
"2191",23,"120",0
"2192",24,"0",5
"2193",24,"1",1
"2194",24,"2",0
"2195",24,"3",0
"2196",24,"4",0
"2197",24,"5",2
"2198",24,"6",0
"2199",24,"7",0
"2200",24,"8",0
"2201",24,"9",0
"2202",24,"10",0
"2203",24,"11",2
"2204",24,"12",1
"2205",24,"13",1
"2206",24,"14",1
"2207",24,"15",0
"2208",24,"16",1
"2209",24,"17",2
"2210",24,"18",0
"2211",24,"19",2
"2212",24,"20",0
"2213",24,"21",1
"2214",24,"22",4
"2215",24,"23",2
"2216",24,"24",4
"2217",24,"25",5
"2218",24,"26",1
"2219",24,"27",5
"2220",24,"28",3
"2221",24,"29",5
"2222",24,"30",3
"2223",24,"31",4
"2224",24,"32",1
"2225",24,"33",6
"2226",24,"34",2
"2227",24,"35",3
"2228",24,"36",5
"2229",24,"37",5
"2230",24,"38",16
"2231",24,"39",15
"2232",24,"40",16
"2233",24,"41",15
"2234",24,"42",16
"2235",24,"43",15
"2236",24,"44",19
"2237",24,"45",21
"2238",24,"46",28
"2239",24,"47",24
"2240",24,"48",21
"2241",24,"49",21
"2242",24,"50",18
"2243",24,"51",31
"2244",24,"52",26
"2245",24,"53",23
"2246",24,"54",31
"2247",24,"55",36
"2248",24,"56",45
"2249",24,"57",34
"2250",24,"58",33
"2251",24,"59",39
"2252",24,"60",35
"2253",24,"61",51
"2254",24,"62",56
"2255",24,"63",56
"2256",24,"64",49
"2257",24,"65",53
"2258",24,"66",52
"2259",24,"67",47
"2260",24,"68",61
"2261",24,"69",35
"2262",24,"70",58
"2263",24,"71",48
"2264",24,"72",37
"2265",24,"73",29
"2266",24,"74",39
"2267",24,"75",33
"2268",24,"76",31
"2269",24,"77",33
"2270",24,"78",38
"2271",24,"79",23
"2272",24,"80",33
"2273",24,"81",20
"2274",24,"82",19
"2275",24,"83",13
"2276",24,"84",21
"2277",24,"85",14
"2278",24,"86",15
"2279",24,"87",10
"2280",24,"88",13
"2281",24,"89",10
"2282",24,"90",8
"2283",24,"91",11
"2284",24,"92",4
"2285",24,"93",3
"2286",24,"94",3
"2287",24,"95",2
"2288",24,"96",3
"2289",24,"97",0
"2290",24,"98",1
"2291",24,"99",0
"2292",24,"100",1
"2293",24,"101",0
"2294",24,"102",0
"2295",24,"103",0
"2296",24,"104",0
"2297",24,"105",0
"2298",24,"110",0
"2299",24,"120",0
"2300",25,"0",7
"2301",25,"1",1
"2302",25,"2",1
"2303",25,"3",0
"2304",25,"4",1
"2305",25,"5",1
"2306",25,"6",0
"2307",25,"7",0
"2308",25,"8",1
"2309",25,"9",1
"2310",25,"10",1
"2311",25,"11",1
"2312",25,"12",0
"2313",25,"13",0
"2314",25,"14",0
"2315",25,"15",0
"2316",25,"16",1
"2317",25,"17",0
"2318",25,"18",0
"2319",25,"19",0
"2320",25,"20",1
"2321",25,"21",1
"2322",25,"22",3
"2323",25,"23",4
"2324",25,"24",1
"2325",25,"25",4
"2326",25,"26",2
"2327",25,"27",1
"2328",25,"28",1
"2329",25,"29",2
"2330",25,"30",1
"2331",25,"31",2
"2332",25,"32",5
"2333",25,"33",5
"2334",25,"34",4
"2335",25,"35",6
"2336",25,"36",4
"2337",25,"37",7
"2338",25,"38",10
"2339",25,"39",9
"2340",25,"40",10
"2341",25,"41",9
"2342",25,"42",10
"2343",25,"43",13
"2344",25,"44",17
"2345",25,"45",14
"2346",25,"46",19
"2347",25,"47",24
"2348",25,"48",22
"2349",25,"49",21
"2350",25,"50",21
"2351",25,"51",26
"2352",25,"52",35
"2353",25,"53",26
"2354",25,"54",42
"2355",25,"55",36
"2356",25,"56",40
"2357",25,"57",39
"2358",25,"58",33
"2359",25,"59",39
"2360",25,"60",56
"2361",25,"61",38
"2362",25,"62",41
"2363",25,"63",37
"2364",25,"64",45
"2365",25,"65",55
"2366",25,"66",45
"2367",25,"67",54
"2368",25,"68",46
"2369",25,"69",38
"2370",25,"70",40
"2371",25,"71",50
"2372",25,"72",42
"2373",25,"73",36
"2374",25,"74",50
"2375",25,"75",27
"2376",25,"76",34
"2377",25,"77",38
"2378",25,"78",38
"2379",25,"79",26
"2380",25,"80",33
"2381",25,"81",12
"2382",25,"82",17
"2383",25,"83",25
"2384",25,"84",19
"2385",25,"85",22
"2386",25,"86",7
"2387",25,"87",7
"2388",25,"88",9
"2389",25,"89",10
"2390",25,"90",5
"2391",25,"91",6
"2392",25,"92",6
"2393",25,"93",5
"2394",25,"94",5
"2395",25,"95",3
"2396",25,"96",1
"2397",25,"97",1
"2398",25,"98",1
"2399",25,"99",1
"2400",25,"100",0
"2401",25,"101",0
"2402",25,"103",0
"2403",25,"104",0
"2404",25,"117",0
"2405",26,"0",5
"2406",26,"1",2
"2407",26,"2",0
"2408",26,"3",0
"2409",26,"4",0
"2410",26,"5",2
"2411",26,"6",0
"2412",26,"7",1
"2413",26,"8",0
"2414",26,"9",0
"2415",26,"10",2
"2416",26,"11",0
"2417",26,"12",0
"2418",26,"13",0
"2419",26,"14",1
"2420",26,"15",1
"2421",26,"16",0
"2422",26,"17",1
"2423",26,"18",1
"2424",26,"19",0
"2425",26,"20",4
"2426",26,"21",0
"2427",26,"22",0
"2428",26,"23",1
"2429",26,"24",2
"2430",26,"25",4
"2431",26,"26",2
"2432",26,"27",2
"2433",26,"28",3
"2434",26,"29",0
"2435",26,"30",4
"2436",26,"31",5
"2437",26,"32",6
"2438",26,"33",5
"2439",26,"34",3
"2440",26,"35",2
"2441",26,"36",0
"2442",26,"37",9
"2443",26,"38",6
"2444",26,"39",11
"2445",26,"40",9
"2446",26,"41",6
"2447",26,"42",7
"2448",26,"43",9
"2449",26,"44",12
"2450",26,"45",13
"2451",26,"46",17
"2452",26,"47",20
"2453",26,"48",20
"2454",26,"49",18
"2455",26,"50",16
"2456",26,"51",24
"2457",26,"52",36
"2458",26,"53",24
"2459",26,"54",27
"2460",26,"55",35
"2461",26,"56",28
"2462",26,"57",30
"2463",26,"58",42
"2464",26,"59",45
"2465",26,"60",32
"2466",26,"61",45
"2467",26,"62",33
"2468",26,"63",54
"2469",26,"64",39
"2470",26,"65",40
"2471",26,"66",44
"2472",26,"67",44
"2473",26,"68",38
"2474",26,"69",29
"2475",26,"70",50
"2476",26,"71",37
"2477",26,"72",38
"2478",26,"73",39
"2479",26,"74",30
"2480",26,"75",39
"2481",26,"76",26
"2482",26,"77",34
"2483",26,"78",40
"2484",26,"79",20
"2485",26,"80",24
"2486",26,"81",22
"2487",26,"82",22
"2488",26,"83",26
"2489",26,"84",16
"2490",26,"85",18
"2491",26,"86",13
"2492",26,"87",16
"2493",26,"88",13
"2494",26,"89",9
"2495",26,"90",8
"2496",26,"91",3
"2497",26,"92",6
"2498",26,"93",2
"2499",26,"94",2
"2500",26,"95",0
"2501",26,"96",0
"2502",26,"97",1
"2503",26,"98",2
"2504",26,"99",1
"2505",26,"100",0
"2506",26,"101",1
"2507",26,"102",0
"2508",26,"103",0
"2509",26,"109",0
"2510",26,"114",0
"2511",27,"0",5
"2512",27,"1",2
"2513",27,"2",0
"2514",27,"3",2
"2515",27,"4",0
"2516",27,"5",1
"2517",27,"6",0
"2518",27,"7",0
"2519",27,"8",1
"2520",27,"9",1
"2521",27,"10",0
"2522",27,"11",2
"2523",27,"12",0
"2524",27,"13",0
"2525",27,"14",0
"2526",27,"15",1
"2527",27,"16",0
"2528",27,"17",1
"2529",27,"18",0
"2530",27,"19",0
"2531",27,"20",2
"2532",27,"21",1
"2533",27,"22",0
"2534",27,"23",2
"2535",27,"24",1
"2536",27,"25",2
"2537",27,"26",5
"2538",27,"27",2
"2539",27,"28",2
"2540",27,"29",1
"2541",27,"30",4
"2542",27,"31",3
"2543",27,"32",1
"2544",27,"33",2
"2545",27,"34",4
"2546",27,"35",3
"2547",27,"36",5
"2548",27,"37",4
"2549",27,"38",3
"2550",27,"39",3
"2551",27,"40",10
"2552",27,"41",7
"2553",27,"42",6
"2554",27,"43",7
"2555",27,"44",9
"2556",27,"45",10
"2557",27,"46",10
"2558",27,"47",10
"2559",27,"48",10
"2560",27,"49",10
"2561",27,"50",18
"2562",27,"51",14
"2563",27,"52",14
"2564",27,"53",16
"2565",27,"54",12
"2566",27,"55",22
"2567",27,"56",18
"2568",27,"57",16
"2569",27,"58",32
"2570",27,"59",29
"2571",27,"60",23
"2572",27,"61",34
"2573",27,"62",14
"2574",27,"63",24
"2575",27,"64",30
"2576",27,"65",32
"2577",27,"66",24
"2578",27,"67",28
"2579",27,"68",30
"2580",27,"69",25
"2581",27,"70",26
"2582",27,"71",32
"2583",27,"72",24
"2584",27,"73",33
"2585",27,"74",29
"2586",27,"75",25
"2587",27,"76",18
"2588",27,"77",20
"2589",27,"78",17
"2590",27,"79",25
"2591",27,"80",13
"2592",27,"81",12
"2593",27,"82",14
"2594",27,"83",10
"2595",27,"84",16
"2596",27,"85",7
"2597",27,"86",14
"2598",27,"87",14
"2599",27,"88",10
"2600",27,"89",11
"2601",27,"90",5
"2602",27,"91",3
"2603",27,"92",2
"2604",27,"93",2
"2605",27,"94",5
"2606",27,"95",2
"2607",27,"96",2
"2608",27,"97",1
"2609",27,"98",0
"2610",27,"99",2
"2611",27,"100",0
"2612",27,"101",0
"2613",27,"102",0
"2614",27,"103",0
"2615",27,"104",0
"2616",27,"105",0
"2617",27,"110",0
"2618",27,"120",0
"2619",28,"0",0
"2620",28,"1",1
"2621",28,"2",0
"2622",28,"3",1
"2623",28,"4",0
"2624",28,"5",0
"2625",28,"6",1
"2626",28,"7",0
"2627",28,"8",0
"2628",28,"9",0
"2629",28,"10",0
"2630",28,"11",1
"2631",28,"12",0
"2632",28,"13",0
"2633",28,"14",0
"2634",28,"15",0
"2635",28,"16",0
"2636",28,"17",0
"2637",28,"18",0
"2638",28,"19",0
"2639",28,"20",0
"2640",28,"21",0
"2641",28,"22",0
"2642",28,"23",0
"2643",28,"24",2
"2644",28,"25",0
"2645",28,"26",1
"2646",28,"27",0
"2647",28,"28",1
"2648",28,"29",3
"2649",28,"30",2
"2650",28,"31",0
"2651",28,"32",3
"2652",28,"33",2
"2653",28,"34",1
"2654",28,"35",0
"2655",28,"36",2
"2656",28,"37",0
"2657",28,"38",3
"2658",28,"39",0
"2659",28,"40",4
"2660",28,"41",4
"2661",28,"42",1
"2662",28,"43",3
"2663",28,"44",4
"2664",28,"45",0
"2665",28,"46",1
"2666",28,"47",7
"2667",28,"48",1
"2668",28,"49",7
"2669",28,"50",4
"2670",28,"51",4
"2671",28,"52",2
"2672",28,"53",9
"2673",28,"54",6
"2674",28,"55",7
"2675",28,"56",4
"2676",28,"57",5
"2677",28,"58",9
"2678",28,"59",15
"2679",28,"60",13
"2680",28,"61",11
"2681",28,"62",16
"2682",28,"63",11
"2683",28,"64",9
"2684",28,"65",8
"2685",28,"66",10
"2686",28,"67",8
"2687",28,"68",11
"2688",28,"69",12
"2689",28,"70",6
"2690",28,"71",14
"2691",28,"72",13
"2692",28,"73",10
"2693",28,"74",9
"2694",28,"75",12
"2695",28,"76",8
"2696",28,"77",6
"2697",28,"78",5
"2698",28,"79",7
"2699",28,"80",4
"2700",28,"81",9
"2701",28,"82",6
"2702",28,"83",3
"2703",28,"84",2
"2704",28,"85",2
"2705",28,"86",2
"2706",28,"87",6
"2707",28,"88",4
"2708",28,"89",4
"2709",28,"90",4
"2710",28,"91",0
"2711",28,"92",3
"2712",28,"93",0
"2713",28,"94",1
"2714",28,"95",2
"2715",28,"96",0
"2716",28,"97",0
"2717",28,"98",0
"2718",28,"99",0
"2719",28,"100",1
"2720",28,"101",0
"2721",28,"104",0
"2722",28,"105",0
"2723",28,"106",0
"2724",28,"108",0
"2725",28,"109",0
"2726",28,"112",0
"2727",28,"114",0
"2728",28,"118",0
"2729",29,"0",0
"2730",29,"1",0
"2731",29,"2",0
"2732",29,"3",0
"2733",29,"4",0
"2734",29,"5",0
"2735",29,"6",0
"2736",29,"7",0
"2737",29,"8",0
"2738",29,"9",0
"2739",29,"10",0
"2740",29,"11",0
"2741",29,"12",0
"2742",29,"13",0
"2743",29,"14",0
"2744",29,"15",0
"2745",29,"16",0
"2746",29,"17",0
"2747",29,"18",0
"2748",29,"19",0
"2749",29,"20",0
"2750",29,"21",0
"2751",29,"22",0
"2752",29,"23",0
"2753",29,"24",0
"2754",29,"25",0
"2755",29,"26",0
"2756",29,"27",0
"2757",29,"28",0
"2758",29,"29",0
"2759",29,"30",0
"2760",29,"31",0
"2761",29,"32",0
"2762",29,"33",0
"2763",29,"34",0
"2764",29,"35",0
"2765",29,"36",0
"2766",29,"37",1
"2767",29,"38",0
"2768",29,"39",0
"2769",29,"40",1
"2770",29,"41",0
"2771",29,"42",0
"2772",29,"43",0
"2773",29,"44",0
"2774",29,"45",0
"2775",29,"46",0
"2776",29,"47",0
"2777",29,"48",0
"2778",29,"49",1
"2779",29,"50",1
"2780",29,"51",0
"2781",29,"52",0
"2782",29,"53",2
"2783",29,"54",0
"2784",29,"55",0
"2785",29,"56",1
"2786",29,"57",0
"2787",29,"58",0
"2788",29,"59",0
"2789",29,"60",1
"2790",29,"61",0
"2791",29,"62",1
"2792",29,"63",0
"2793",29,"64",1
"2794",29,"65",0
"2795",29,"66",2
"2796",29,"67",0
"2797",29,"68",0
"2798",29,"69",0
"2799",29,"70",1
"2800",29,"71",0
"2801",29,"72",0
"2802",29,"73",0
"2803",29,"74",0
"2804",29,"75",1
"2805",29,"76",0
"2806",29,"77",0
"2807",29,"78",0
"2808",29,"79",0
"2809",29,"80",2
"2810",29,"81",1
"2811",29,"82",1
"2812",29,"83",0
"2813",29,"84",1
"2814",29,"85",0
"2815",29,"86",0
"2816",29,"87",0
"2817",29,"88",0
"2818",29,"89",0
"2819",29,"90",0
"2820",29,"91",0
"2821",29,"92",0
"2822",29,"93",0
"2823",29,"94",0
"2824",29,"95",0
"2825",29,"96",0
"2826",29,"98",0
"2827",29,"100",0
"2828",29,"108",0
